   65283067.9   56438658.4  127962233.0   26821732.2   49687189.6   98419670.0   82901530.0   78621534.8  122815177.8   53219693.0
   38728630.6   25883102.4   73355345.1    9508547.5   27599964.4   45176811.7   40223680.1   46903851.9   68489732.7   24761339.1
   52945074.0   43347672.7   92180854.6   16365260.0   49389722.5   78722370.1   68944217.9   64692109.6   96843725.9   41179367.8
   25609650.5   18396703.1   64075142.2    9231663.3    3478652.7   29610189.5   18349339.8   24426151.3   50347913.7   25068522.9
   59182118.9   35750296.2  117063649.0   12864467.9   46797140.9   71622095.3   65027290.0   74234657.4  103407367.3   36652949.9
   49153405.5   42517911.9   89099714.8   19052885.2   39990870.3   71257198.6   62378682.0   60366555.4   90719657.6   36727835.7
   54973939.8   42670108.7  109596393.8   15103062.0   30430087.8   71930931.9   52676486.2   56110405.4  104945961.8   52224171.8
   14401747.0   14357397.8   26805957.2    5951104.0    7229846.0   20991735.8   14847945.0   13878044.4   28816727.2   15457509.1
   19299612.1   19489803.5   43125560.1   13896666.7    4499957.1   23525801.3   20644549.1   24439640.2   36700233.6   11068587.6
   32784992.3   21413212.7   66435249.6   11076550.6   29584204.6   43499402.9   43114294.2   46255880.0   56361596.5   15786251.3
