65283068.4 56438659.8 127962232.8 26821732.9 49687192.0 98419672.4 82901530.4 78621537.4 122815179.9 53219691.6
38728630.2 25883102.4 73355344.8 9508547.7 27599963.8 45176811.1 40223678.6 46903852.3 68489732.9 24761338.0
52945071.9 43347671.7 92180850.8 16365259.6 49389721.3 78722367.4 68944213.9 64692108.0 96843723.6 41179364.9
25609650.5 18396703.5 64075141.4 9231663.6 3478652.8 29610190.1 18349339.5 24426152.3 50347913.8 25068521.8
59182119.6 35750297.5 117063650.4 12864468.5 46797140.6 71622095.8 65027288.4 74234659.3 103407369.9 36652949.6
49153404.9 42517912.2 89099713.5 19052885.5 39990870.5 71257198.4 62378680.5 60366555.9 90719657.6 36727834.0
54973940.2 42670109.7 109596394.1 15103062.4 30430088.0 71930932.9 52676485.3 56110407.1 104945963.8 52224170.0
14401747.1 14357398.0 26805957.2 5951104.0 7229846.1 20991736.0 14847944.7 13878044.8 28816727.8 15457508.4
19299612.0 19489803.6 43125559.8 13896667.1 4499957.0 23525801.4 20644548.9 24439641.0 36700233.2 11068586.9
32784991.6 21413212.7 66435248.2 11076550.9 29584204.1 43499402.1 43114292.6 46255880.1 56361595.7 15786250.4
