    43.2     0.0   429.2     0.0    13.4   354.5   553.6   544.9    89.4   224.0   810.2    13.4   815.7    64.7     0.0
     0.0     0.0   792.1   724.0     0.0     0.0   930.1   522.3   346.2   116.1   164.1     0.0   645.4   835.7     0.0
   237.3   801.3     0.0   859.3     0.0   668.9   321.8   993.5     0.0     0.0   782.1     0.0   302.9   651.4   702.5
   631.9   809.9     0.0     0.0    33.5   612.7    27.8    22.0   184.6   608.0   810.1     0.0   382.2   734.8    36.1
     0.0   128.8   314.0    52.3     0.0   791.9   789.4   994.9    37.6   118.2   725.7   829.7     0.0   194.5   803.0
   374.8   518.5   175.6   135.4     0.0     0.0     0.0     0.0   143.7   893.5   861.3   392.4   784.5   530.6     0.0
     0.0     0.0   855.2     0.0   957.7     0.0   917.0     0.0   624.4     0.0     0.0   551.2    12.2   928.6   202.2
   415.0     0.0   135.3     0.0   302.4   953.1   424.6   158.7   385.8   178.9   344.5   509.4     0.0     0.0    69.0
   847.7     0.0    90.5   434.4     0.0    66.1   891.1   570.5     0.0   439.5     0.0   121.2    63.0   371.6   222.7
     5.7   346.9   471.1     0.0   512.0   211.3     0.0   683.0   269.1     0.0     0.0   556.9     0.0   371.5   701.5
