     0.0     0.0   990.1     0.0     0.0     0.0   899.0     0.0    73.6     0.0     0.0   236.9     0.0   855.2     0.0
     0.0   555.0     0.0   487.6     0.0   731.2     0.0   314.6     0.0   608.3     0.0   926.6   627.6   444.2     0.0
   534.4     0.0     0.0     0.0   583.3     0.0   814.8   226.7     0.0     0.0     0.0     0.0   133.9     0.0   847.4
     0.0   558.5     0.0     0.0   787.7   772.8     0.0     0.0     0.0   777.3   748.1   896.1     0.0     0.0    83.1
     0.0     0.0     0.0   575.6    33.4     0.0     0.0   565.8   627.5     0.0     0.0     0.0     0.0     0.0     0.0
     0.0     0.0   911.8     0.0     0.0    86.2   449.2     0.0   225.2   107.5   583.8   993.5     0.0     0.0     0.0
   109.9     0.0     0.0   406.2   217.4   285.7     0.0     0.0     0.0   242.8     0.0   785.4     0.0     0.0     0.0
   989.8     0.0     0.0     0.0   319.5     0.0     0.0     0.0     0.0     0.0   425.4     0.0   353.1     0.0   925.1
     0.0     0.0     0.0     0.0     0.0   248.3   853.0     0.0     0.0   304.0   296.6     0.0   525.4     0.0     0.0
   352.2   855.2     0.0     0.0     0.0   172.9     0.0     0.0     0.0     0.0     0.0     0.0     0.0     0.0     0.0
   116.4     0.0     0.0   984.7     0.0     0.0   476.5     0.0   268.7     0.0     0.0     0.0     0.0     0.0     0.0
     0.0     0.0   969.9     0.0     0.0   267.1     0.0     0.0     0.0     0.0     0.0     0.0   746.3   498.2   441.6
   553.3   672.9     0.0     0.0   974.1     0.0     0.0     0.0     0.0     0.0   427.8   272.2     0.0     0.0     0.0
     0.0     0.0     0.0     0.0     0.0     0.0     0.0     0.0     0.0   665.1     0.0    94.9     0.0   852.7     0.0
     0.0   448.5     0.0     0.0     0.0     0.0    12.2   860.9   420.8     0.0     0.0     0.0   847.0   314.3     0.0
